CUR			PREV
00.00		00.00
01.00		01.00
3000.00		30.00
100.00		05.00
99.9		99.9
1710000		1900
319.8		3198
1200		120.
9998900.1	0
9998000.1	5554944.45
999990		111110
777700		77.77
918000		1836000
30000		99999
120000		240000
2499		12495
42500		21250
3000000		1500000
258300		129150
9900		49500
500			250
166665		83332.5
280000		140000
656500		1313000
1700000		2380000
150			3
137.5		275
9000		27000
777770		0
250			50
5896		52800
25			100
9998900.1	9998900.1
2065884.3	45.45
35000		1813
138000		252000
120000		60000
2497.5		99000
1206000		6432000
1368		7296